image_id
21a06a8f-583d-40c5-b5f8-2b735af0f8e5
7f5a97ed-1393-4e25-9b6e-1e9816529d10
bb361f03-abc9-4a8e-a2a4-ff306a5b4612
56877c94-71fc-4a43-a447-2c223e3fe4b4
b5f04763-399d-4293-b92f-0c5268210190
cf846233-591b-43e6-865c-0365caa69aa5
2160a577-406a-4812-ada2-2a3cb30c2ba8
de478f22-21f5-4992-a22a-edc084336fe8
e43d8c8e-bad5-4497-abe3-88a6762bb9f0
91690334-6e8d-41c1-9c36-be58d442561c
e5f6e679-cc48-4ea8-920e-670aa21ca0e0
ec56de98-44c1-45e1-9de4-010c692902fd
84a4a5a4-fb02-4009-916d-7e82d65c3e12
18439dca-829b-4ea3-bb54-8ab017f369f4
af0ecb1c-882d-454e-984f-e4df7a7f2694
fc205550-e455-48df-af3c-60df4afc6697
